-0.12844
-0.1336
-0.15938
-0.13876
-0.093638
-0.027892
-0.0033982
-0.033048
-0.036916
-0.020157
0.015939
0.030119
0.043011
0.012071
0.041722
0.086842
0.12938
0.1629
0.19384
0.22607
0.24412
0.25056
0.29053
0.33565
0.38334
0.43878
0.46585
0.49679
0.52644
0.54706
0.54964
0.57414
0.58445
0.59992
0.62183
0.6373
0.65148
0.66824
0.70176
0.73141
0.75462
0.7688
0.76622
0.74817
0.74688
0.7211
0.68758
0.66695
0.63988
0.62828
0.61023
0.58574
0.57543
0.55093
0.52386
0.49679
0.46714
0.43104
0.39366
0.36916
0.34854
0.35627
0.33822
0.34725
0.32533
0.306
0.28666
0.26603
0.24412
0.21833
0.2222
0.21189
0.20673
0.18482
0.1629
0.1397
0.13196
0.1397
0.14872
0.15388
0.16548
0.17192
0.18095
0.20931
0.24798
0.32533
0.40784
0.48519
0.53675
0.55867
0.55093
0.57156
0.60121
0.59218
0.55996
0.52515
0.48261
0.44135
0.40397
0.40397
0.41299
0.39108
0.3653
0.33049
0.2815
0.25443
0.23509
0.20931
0.20415
0.18095
0.15774
0.1397
0.13196
0.13712
0.11134
0.085552
0.055902
0.017228
-0.0098439
-0.049807
-0.11555
-0.15938
-0.20708
-0.25736
-0.336
-0.44299
-0.58609
-0.6557
-0.70082
-0.78462
-0.82845
-0.77173
-0.7627
-0.73305
-0.64668
-0.52292
-0.38241
-0.23158
-0.065277
0.08942
0.21962
0.31244
0.37432
0.41944
0.48647
0.52515
0.5548
0.54835
0.47229
0.37948
0.24283
0.012071
-0.14778
-0.31537
-0.50874
-0.59254
-0.72274
-0.72145
-0.72403
-0.68277
-0.57449
-0.55773
-0.46362
-0.36694
-0.37854
-0.31408
-0.31924
-0.33729
-0.31924
-0.37596
-0.31924
-0.36307
-0.2999
-0.31666
-0.29345
-0.31537
-0.27927
-0.31924
-0.28056
-0.26767
-0.2522
-0.19806
-0.19419
-0.18388
-0.17743
-0.15165
-0.17485
-0.14005
-0.14391
-0.122
-0.096216
-0.11298
-0.062699
-0.11169
-0.052386
-0.085903
-0.043362
-0.073012
-0.043362
-0.047229
-0.073012
-0.054964
-0.067855
-0.094927
-0.097505
-0.12587
-0.084614
-0.1336
-0.066566
-0.10782
-0.044651
-0.040783
-0.070433
-0.012422
-0.053675
-0.063988
-0.024024
-0.07559
-0.013711
-0.033048
-0.062699
-0.015
-0.062699
-0.043362
-0.01629
-0.054964
0.013361
0.027541
0.019806
0.10231
0.068794
0.13712
0.12552
0.13841
0.1397
0.14872
0.18482
0.21189
0.24798
0.27248
0.28795
0.37303
0.39108
0.41944
0.51097
0.57027
0.56769
0.59476
0.64762
0.69918
0.73657
0.76364
0.77911
0.82294
0.87708
0.90802
0.95572
0.97377
0.98795
1.0176
1.0937
1.2161
1.345
1.5049
1.6905
1.9123
2.174
2.415
2.6123
2.7683
2.9126
3.1021
3.2298
3.3174
3.3638
3.3703
3.3819
3.3471
3.3381
3.2646
3.155
3.0196
2.8817
2.7837
2.6741
2.513
2.3441
2.1482
2.0244
1.9239
1.7885
1.6622
1.5629
1.5333
1.4495
1.3141
1.1878
1.1169
0.99311
0.84099
0.69789
0.60379
0.53933
0.46972
0.35885
0.27248
0.25314
0.17708
0.077818
-0.0059765
-0.031759
-0.074301
-0.1452
-0.23415
-0.30764
-0.32182
-0.36178
-0.42366
-0.49456
-0.54999
-0.58351
-0.58609
-0.608
-0.65828
-0.68664
-0.72661
-0.7511
-0.71758
-0.73176
-0.7511
-0.78591
-0.81298
-0.78848
-0.78462
-0.79235
-0.79493
-0.80653
-0.822
-0.83103
-0.83747
-0.81685
-0.81169
-0.77173
-0.75239
-0.7511
-0.74981
-0.74208
-0.73176
-0.74594
-0.74594
-0.74465
-0.72918
-0.71243
-0.66988
-0.62476
-0.5848
-0.57062
-0.56288
-0.56288
-0.56417
-0.56546
-0.56675
-0.55257
-0.53839
-0.51776
-0.49069
-0.46362
-0.44171
-0.41206
-0.38885
-0.36436
-0.34502
-0.31924
-0.30248
-0.2883
-0.26638
-0.25607
-0.25478
-0.23158
-0.21868
-0.2045
-0.19161
-0.17743
-0.1697
-0.17614
-0.18001
-0.18646
-0.17743
-0.17356
-0.15809
-0.15036
-0.13876
-0.13102
-0.12071
-0.11169
-0.087192
-0.076879
-0.06012
-0.029181
-0.0059765
0.0043366
0.015939
0.024963
0.032698
0.015939
0.017228
0.0043366
0.01465
0.013361
0.008204
0.018517
0.022385
0.050746
0.055902
0.055902
0.064926
0.084263
0.085552
0.10231
0.11005
0.1152
0.11907
0.10618
0.12809
0.13325
0.12809
0.12938
0.10747
0.13325
0.11649
0.10747
0.10876
0.086842
0.085552
0.088131
0.10102
0.10489
0.10618
0.11262
0.1036
0.10747
0.13454
0.13712
0.13712
0.15388
0.16806
0.17192
0.17708
0.17837
0.18095
0.17966
0.17837
0.1745
0.16419
0.15646
0.15774
0.13841
0.13454
0.13325
0.13841
0.13325
0.12809
0.13325
0.13067
0.13454
0.13583
0.13841
0.13196
0.13583
0.13583
0.1397
0.13196
0.14227
0.1629
0.15517
0.15903
0.17579
0.18095
0.18482
0.19513
0.19771
0.19513
0.199
0.19642
0.19771
0.20029
0.20286
0.20286
0.20544
0.20286
0.20157
0.17708
0.17579
0.18482
0.16419
0.17837
0.15388
0.15646
0.1513
0.15517
0.14099
0.15388
0.14872
0.16548
0.16677
0.15388
0.13841
0.14614
0.11391
0.11778
0.1268
0.1152
0.11262
0.1152
0.11005
0.098444
0.066215
0.035276
0.019806
0.030119
0.046878
0.054613
0.063637
0.057191
0.043011
0.0094932
-0.026603
-0.011133
0.0043366
0.012071
0.008204
-0.0033982
-0.029181
-0.040783
-0.024024
0.012071
0.022385
-0.034338
-0.056253
-0.039494
-0.01629
-0.0085548
-0.047229
-0.062699
-0.047229
-0.0033982
0.019806
0.01465
-0.012422
0.026252
0.063637
0.11649
0.1629
0.20415
0.24283
0.24541
0.26861
0.31631
0.38205
0.40268
0.43491
0.44007
0.4478
0.45038
0.45811
0.46456
0.47874
0.49679
0.51355
0.53675
0.54706
0.56124
0.58058
0.57543
0.58316
0.578
0.58316
0.57027
0.57285
0.57156
0.54191
0.51226
0.48132
0.43749
0.40526
0.36143
0.33822
0.32275
0.3292
0.30986
0.31631
0.30986
0.33436
0.35369
0.34854
0.34209
0.3176
0.30342
0.29826
0.28537
0.2699
0.2815
0.26732
0.26732
0.2338
0.22478
0.22478
0.21962
0.18868
0.18095
0.15774
0.15774
0.14872
0.15259
0.15388
0.16677
0.16419
0.16806
0.1513
0.14872
0.15001
0.14356
0.1397
0.13325
0.13067
0.13196
0.12809
0.12809
0.13325
0.1397
0.14356
0.15259
0.15646
0.16677
0.15903
0.15903
0.16161
0.18353
0.21962
0.21576
0.21576
0.24025
0.22478
0.24541
0.26216
0.2583
0.25443
0.24154
0.22865
0.24025
0.23767
0.2338
0.23638
0.24154
0.24412
0.24154
0.23251
0.199
0.17064
0.15259
0.15646
0.12809
0.1036
0.099733
0.1036
0.10489
0.10489
0.11005
0.10876
0.12036
0.12165
0.098444
0.064926
0.041722
0.018517
0.027541
0.021095
0.027541
0.022385
-0.0072656
-0.057542
-0.078168
-0.076879
-0.089771
-0.092349
-0.10137
-0.10782
-0.13618
-0.17614
-0.17099
-0.1452
-0.14005
-0.1697
-0.18775
-0.18903
-0.15165
-0.14263
-0.18517
-0.20708
-0.18259
-0.14907
-0.13102
-0.14005
-0.16583
-0.13102
-0.10911
-0.088481
-0.10137
-0.1336
-0.10911
-0.065277
-0.069144
-0.089771
-0.040783
-0.0046874
-0.035627
-0.058831
-0.034338
-0.017579
0.0043366
0.0056258
-0.038205
-0.0046874
0.033987
0.035276
-0.0033982
0.039143
0.067504
0.064926
0.037854
0.070083
0.11005
0.11262
0.072661
0.046878
0.076528
0.094576
0.1036
0.067504
0.067504
0.10876
0.14743
0.18353
0.19642
0.16548
0.19642
0.24927
0.29439
0.30986
0.30857
0.32018
0.33822
0.36787
0.39237
0.42073
0.45682
0.48905
0.52128
0.53675
0.53288
0.51741
0.52386
0.54578
0.55351
0.57027
0.57543
0.59476
0.5909
0.60379
0.60894
0.61926
0.61668
0.59734
0.58445
0.5909
0.57543
0.55996
0.54062
0.51613
0.4839
0.46585
0.44909
0.44007
0.41428
0.40526
0.39108
0.38721
0.37432
0.36916
0.36787
0.3653
0.34983
0.35498
0.32662
0.3176
0.30342
0.29439
0.26732
0.25314
0.24669
0.24927
0.25572
0.25701
0.25314
0.27119
0.25314
0.23638
0.21576
0.19642
0.17192
0.15517
0.14227
0.14614
0.14614
0.15517
0.17321
0.17708
0.18482
0.18997
0.18868
0.18868
0.18224
0.17708
0.14485
0.15001
0.15388
0.12294
0.11778
0.099733
0.081685
0.071372
0.075239
0.068794
0.071372
0.072661
0.08942
0.099733
0.11005
0.11391
0.11391
0.10102
0.082974
0.062348
0.061059
0.071372
0.077818
0.1036
0.11649
0.13196
0.13712
0.13841
0.14099
0.11005
0.090709
0.094576
0.10618
0.11391
0.12165
0.12036
0.14227
0.15388
0.15646
0.16161
0.16548
0.16419
0.16935
0.15646
0.13454
0.11391
0.11907
0.13067
0.15774
0.17708
0.17579
0.18739
0.18868
0.17837
0.1629
0.13712
0.1268
0.12294
0.12552
0.12552
0.13454
0.14099
0.14356
0.16677
0.18353
0.18997
0.19642
0.19255
0.17321
0.16548
0.16806
0.15903
0.14099
0.14614
0.14872
0.17708
0.19126
0.199
0.199
0.20029
0.199
0.19513
0.18095
0.18095
0.15646
0.14356
0.14614
0.1397
0.13325
0.13067
0.12552
0.12036
0.14743
0.16032
0.15903
0.15646
0.15774
0.15259
0.14872
0.13841
0.098444
0.076528
0.066215
0.075239
0.085552
0.094576
0.075239
0.0443
0.010782
-0.00081994
0.0094932
0.032698
0.033987
0.018517
-0.03047
-0.025314
-0.0085548
-0.011133
-0.0046874
-0.012422
-0.035627
-0.076879
-0.078168
-0.078168
-0.01629
0.015939
0.050746
0.063637
0.070083
0.11134
0.16677
0.2222
0.25056
0.27892
0.30471
0.3292
0.32275
0.33307
0.34596
0.33693
0.34467
0.35369
0.37303
0.39237
0.42331
0.44909
0.49034
0.52386
0.5432
0.55738
0.57543
0.56124
0.55609
0.55093
0.54062
0.51999
0.49292
0.45811
0.4478
0.41557
0.4001
0.37819
0.3653
0.34467
0.3292
0.29568
0.28408
0.27248
0.27119
0.25185
0.25185
0.24927
0.24154
0.22994
0.22736
0.22607
0.22091
